0 0.3293269230769231 0.028846153846153848 0.08173076923076923 0.057692307692307696
0 0.4362980769230769 0.038461538461538464 0.07451923076923077 0.07692307692307693
0 0.5949519230769231 0.16947115384615385 0.09134615384615384 0.15865384615384615
0 0.5504807692307693 0.22115384615384615 0.10817307692307693 0.18269230769230768
0 0.9459134615384616 0.3317307692307692 0.10817307692307693 0.18269230769230768
0 0.8413461538461539 0.18028846153846154 0.09615384615384616 0.16105769230769232
0 0.7800480769230769 0.45552884615384615 0.125 0.19951923076923078
0 0.6971153846153846 0.11298076923076923 0.10336538461538461 0.1778846153846154
0 0.11658653846153846 0.6298076923076923 0.23317307692307693 0.46634615384615385
0 0.2644230769230769 0.11177884615384616 0.11057692307692307 0.1778846153846154
0 0.35336538461538464 0.1201923076923077 0.11298076923076923 0.21153846153846154
0 0.4807692307692308 0.390625 0.125 0.22355769230769232