0 0.09495192307692307 0.5180288461538461 0.18990384615384615 0.37259615384615385
0 0.19230769230769232 0.5949519230769231 0.21394230769230768 0.3269230769230769
0 0.078125 0.2512019230769231 0.15625 0.28125
0 0.21033653846153846 0.1658653846153846 0.1875 0.25721153846153844
0 0.4050480769230769 0.5408653846153846 0.22596153846153846 0.32211538461538464
0 0.47836538461538464 0.4230769230769231 0.19471153846153846 0.2956730769230769
0 0.48677884615384615 0.11899038461538461 0.1658653846153846 0.23798076923076922
0 0.5709134615384616 0.09254807692307693 0.14182692307692307 0.18509615384615385
0 0.6935096153846154 0.4675480769230769 0.2091346153846154 0.2956730769230769
0 0.6574519230769231 0.078125 0.13701923076923078 0.15625
0 0.7920673076923077 0.07451923076923077 0.1658653846153846 0.14903846153846154
0 0.8930288461538461 0.0625 0.08413461538461539 0.125
0 0.9026442307692307 0.34975961538461536 0.19471153846153846 0.27163461538461536