0 0.8966346153846154 0.5901442307692307 0.20673076923076922 0.3485576923076923
0 0.7920673076923077 0.6574519230769231 0.20432692307692307 0.30528846153846156
0 0.9158653846153846 0.3449519230769231 0.16826923076923078 0.2620192307692308
0 0.7920673076923077 0.2512019230769231 0.18509615384615385 0.25961538461538464
0 0.5997596153846154 0.5997596153846154 0.21634615384615385 0.3004807692307692
0 0.5336538461538461 0.4891826923076923 0.1875 0.27403846153846156
0 0.5360576923076923 0.203125 0.15865384615384615 0.23557692307692307
0 0.45913461538461536 0.17908653846153846 0.1346153846153846 0.18269230769230768
0 0.33533653846153844 0.5240384615384616 0.19951923076923078 0.27403846153846156
0 0.38100961538461536 0.14543269230769232 0.12980769230769232 0.1875
0 0.26322115384615385 0.1141826923076923 0.1658653846153846 0.2283653846153846
0 0.13701923076923078 0.10096153846153846 0.15384615384615385 0.20192307692307693
0 0.14423076923076922 0.4074519230769231 0.18990384615384615 0.2548076923076923