0 0.8257211538461539 0.0733173076923077 0.14182692307692307 0.1466346153846154
0 0.013221153846153846 0.25240384615384615 0.026442307692307692 0.20192307692307693
0 0.4254807692307692 0.24278846153846154 0.13701923076923078 0.22355769230769232
0 0.056490384615384616 0.3954326923076923 0.11298076923076923 0.22355769230769232
0 0.6009615384615384 0.2776442307692308 0.15144230769230768 0.2403846153846154
0 0.22716346153846154 0.38221153846153844 0.15865384615384615 0.23557692307692307
0 0.9326923076923077 0.38822115384615385 0.1346153846153846 0.27163461538461536
0 0.16706730769230768 0.7043269230769231 0.125 0.21634615384615385
0 0.5456730769230769 0.6334134615384616 0.15384615384615385 0.2548076923076923
0 0.14543269230769232 0.7980769230769231 0.15144230769230768 0.24519230769230768
0 0.6310096153846154 0.7283653846153846 0.17548076923076922 0.2644230769230769
0 0.11538461538461539 0.8954326923076923 0.11538461538461539 0.2091346153846154
0 0.13942307692307693 0.12980769230769232 0.11298076923076923 0.13221153846153846
0 0.3870192307692308 0.07451923076923077 0.12259615384615384 0.13942307692307693
0 0.5600961538461539 0.055288461538461536 0.11538461538461539 0.11057692307692307
0 0.4567307692307692 0.9002403846153846 0.16346153846153846 0.19951923076923078
0 0.6610576923076923 0.04447115384615385 0.1201923076923077 0.0889423076923077