0 0.9387019230769231 0.11057692307692307 0.0985576923076923 0.22115384615384615
0 0.02403846153846154 0.13221153846153846 0.04807692307692308 0.1971153846153846
0 0.47836538461538464 0.2283653846153846 0.09615384615384616 0.21875
0 0.05048076923076923 0.29447115384615385 0.10096153846153846 0.21634615384615385
0 0.6502403846153846 0.30649038461538464 0.11057692307692307 0.23557692307692307
0 0.2439903846153846 0.3233173076923077 0.1201923076923077 0.22596153846153846
0 0.9603365384615384 0.4987980769230769 0.07692307692307693 0.2692307692307692
0 0.10576923076923077 0.6394230769230769 0.08653846153846154 0.21394230769230768
0 0.5096153846153846 0.6574519230769231 0.11057692307692307 0.25
0 0.06129807692307692 0.7307692307692307 0.10576923076923077 0.2403846153846154
0 0.5745192307692307 0.7740384615384616 0.12980769230769232 0.25721153846153844
0 0.015625 0.8557692307692307 0.028846153846153848 0.2764423076923077
0 0.2127403846153846 0.052884615384615384 0.09375 0.10576923076923077
0 0.4795673076923077 0.055288461538461536 0.10096153846153846 0.11057692307692307
0 0.6658653846153846 0.05889423076923077 0.09615384615384616 0.11778846153846154
0 0.35216346153846156 0.9074519230769231 0.125 0.18269230769230768
0 0.7752403846153846 0.06129807692307692 0.09615384615384616 0.1201923076923077