0 0.5228365384615384 0.12740384615384615 0.12259615384615384 0.19471153846153846
0 0.7740384615384616 0.078125 0.10096153846153846 0.15625
0 0.2956730769230769 0.22355769230769232 0.07211538461538461 0.11538461538461539
0 0.2536057692307692 0.25721153846153844 0.125 0.20192307692307693
0 0.07572115384615384 0.33653846153846156 0.14182692307692307 0.20673076923076922
0 0.7439903846153846 0.2283653846153846 0.125 0.21634615384615385
0 0.5913461538461539 0.29086538461538464 0.11057692307692307 0.18028846153846154
0 0.49399038461538464 0.3701923076923077 0.2283653846153846 0.3485576923076923
0 0.6742788461538461 0.43028846153846156 0.13942307692307693 0.2403846153846154
0 0.5492788461538461 0.027644230769230768 0.06009615384615385 0.055288461538461536
0 0.3112980769230769 0.7079326923076923 0.17548076923076922 0.28365384615384615
0 0.39903846153846156 0.06490384615384616 0.055288461538461536 0.09375
0 0.9206730769230769 0.6694711538461539 0.13942307692307693 0.2091346153846154
0 0.359375 0.09975961538461539 0.10576923076923077 0.16826923076923078