0 0.6454326923076923 0.125 0.10576923076923077 0.19951923076923078
0 0.9146634615384616 0.15865384615384615 0.0889423076923077 0.16105769230769232
0 0.38461538461538464 0.14903846153846154 0.0625 0.11778846153846154
0 0.3329326923076923 0.16706730769230768 0.10817307692307693 0.20432692307692307
0 0.12620192307692307 0.18990384615384615 0.125 0.2091346153846154
0 0.8341346153846154 0.29927884615384615 0.10576923076923077 0.22115384615384615
0 0.6598557692307693 0.3125 0.09375 0.18269230769230768
0 0.5348557692307693 0.359375 0.1971153846153846 0.35336538461538464
0 0.6971153846153846 0.4795673076923077 0.11778846153846154 0.24519230769230768
0 0.7067307692307693 0.039663461538461536 0.04807692307692308 0.04807692307692308
0 0.24158653846153846 0.6394230769230769 0.14903846153846154 0.28846153846153844
0 0.5420673076923077 0.03485576923076923 0.04567307692307692 0.0673076923076923
0 0.8665865384615384 0.8004807692307693 0.1201923076923077 0.21153846153846154
0 0.4879807692307692 0.06490384615384616 0.08653846153846154 0.12980769230769232