0 0.38221153846153844 0.7379807692307693 0.04567307692307692 0.07211538461538461
0 0.6694711538461539 0.7836538461538461 0.0673076923076923 0.09615384615384616
0 0.37259615384615385 0.020432692307692308 0.03365384615384615 0.040865384615384616
0 0.025240384615384616 0.7199519230769231 0.04326923076923077 0.07451923076923077
0 0.5300480769230769 0.7932692307692307 0.036057692307692304 0.0625
0 0.05889423076923077 0.7463942307692307 0.04567307692307692 0.07211538461538461
0 0.328125 0.8016826923076923 0.04567307692307692 0.07211538461538461
0 0.4338942307692308 0.030048076923076924 0.03365384615384615 0.05048076923076923
0 0.42788461538461536 0.8605769230769231 0.055288461538461536 0.07932692307692307
0 0.7680288461538461 0.07692307692307693 0.03125 0.04807692307692308
0 0.3581730769230769 0.027644230769230768 0.03125 0.04567307692307692
0 0.21754807692307693 0.014423076923076924 0.026442307692307692 0.028846153846153848
0 0.20432692307692307 0.8810096153846154 0.055288461538461536 0.08653846153846154
0 0.2644230769230769 0.020432692307692308 0.03125 0.036057692307692304
0 0.5612980769230769 0.9483173076923077 0.052884615384615384 0.07692307692307693
0 0.7307692307692307 0.9663461538461539 0.052884615384615384 0.0673076923076923
0 0.07091346153846154 0.015625 0.036057692307692304 0.03125
0 0.036057692307692304 0.9182692307692307 0.06009615384615385 0.0625
0 0.53125 0.06009615384615385 0.03125 0.04807692307692308
0 0.6454326923076923 0.07692307692307693 0.03365384615384615 0.04807692307692308
0 0.3329326923076923 0.039663461538461536 0.03365384615384615 0.04567307692307692
0 0.6730769230769231 0.09014423076923077 0.03125 0.04567307692307692
0 0.7836538461538461 0.11177884615384616 0.03365384615384615 0.04807692307692308
0 0.3870192307692308 0.07692307692307693 0.03125 0.05048076923076923
0 0.5697115384615384 0.10336538461538461 0.036057692307692304 0.04567307692307692
0 0.32091346153846156 0.07572115384615384 0.028846153846153848 0.040865384615384616
0 0.8149038461538461 0.14182692307692307 0.03125 0.04326923076923077
0 0.41466346153846156 0.11057692307692307 0.03365384615384615 0.052884615384615384
0 0.22596153846153846 0.0889423076923077 0.03365384615384615 0.05048076923076923
0 0.1778846153846154 0.08413461538461539 0.03365384615384615 0.05048076923076923
0 0.9867788461538461 0.18629807692307693 0.026442307692307692 0.05048076923076923
0 0.09134615384615384 0.08774038461538461 0.038461538461538464 0.052884615384615384
0 0.11899038461538461 0.09134615384615384 0.036057692307692304 0.057692307692307696
0 0.4326923076923077 0.13701923076923078 0.03365384615384615 0.05048076923076923
0 0.9879807692307693 0.21634615384615385 0.02403846153846154 0.052884615384615384
0 0.3425480769230769 0.14302884615384615 0.036057692307692304 0.052884615384615384
0 0.7463942307692307 0.1935096153846154 0.038461538461538464 0.055288461538461536
0 0.6670673076923077 0.18389423076923078 0.036057692307692304 0.052884615384615384
0 0.18870192307692307 0.14302884615384615 0.036057692307692304 0.052884615384615384
0 0.5504807692307693 0.20072115384615385 0.038461538461538464 0.057692307692307696
0 0.2692307692307692 0.16826923076923078 0.038461538461538464 0.057692307692307696
0 0.8233173076923077 0.23677884615384615 0.036057692307692304 0.04807692307692308
0 0.7175480769230769 0.23197115384615385 0.036057692307692304 0.0625
0 0.8545673076923077 0.2536057692307692 0.03365384615384615 0.052884615384615384
0 0.7596153846153846 0.26322115384615385 0.038461538461538464 0.052884615384615384
0 0.12740384615384615 0.18870192307692307 0.028846153846153848 0.040865384615384616
0 0.8413461538461539 0.2848557692307692 0.036057692307692304 0.055288461538461536
0 0.18629807692307693 0.20552884615384615 0.038461538461538464 0.055288461538461536
0 0.9266826923076923 0.30408653846153844 0.040865384615384616 0.06009615384615385
0 0.796875 0.28846153846153844 0.038461538461538464 0.055288461538461536
0 0.4098557692307692 0.24519230769230768 0.038461538461538464 0.0625
0 0.484375 0.25721153846153844 0.038461538461538464 0.0625
0 0.6862980769230769 0.28365384615384615 0.03365384615384615 0.052884615384615384
0 0.22115384615384615 0.23557692307692307 0.04567307692307692 0.0625
0 0.15384615384615385 0.24158653846153846 0.04326923076923077 0.06009615384615385
0 0.1045673076923077 0.23677884615384615 0.04326923076923077 0.06490384615384616
0 0.5877403846153846 0.29927884615384615 0.05048076923076923 0.0673076923076923
0 0.484375 0.31009615384615385 0.040865384615384616 0.06490384615384616
0 0.5576923076923077 0.33774038461538464 0.04326923076923077 0.0673076923076923
0 0.9242788461538461 0.3870192307692308 0.04326923076923077 0.0625
0 0.7043269230769231 0.36538461538461536 0.03365384615384615 0.05048076923076923
0 0.6189903846153846 0.3545673076923077 0.04326923076923077 0.055288461538461536
0 0.13942307692307693 0.2956730769230769 0.04326923076923077 0.06490384615384616
0 0.5012019230769231 0.34134615384615385 0.04807692307692308 0.07451923076923077
0 0.8834134615384616 0.39302884615384615 0.040865384615384616 0.0625
0 0.3629807692307692 0.3329326923076923 0.04326923076923077 0.06490384615384616
0 0.42788461538461536 0.3449519230769231 0.052884615384615384 0.08173076923076923
0 0.7872596153846154 0.4026442307692308 0.04326923076923077 0.06490384615384616
0 0.28846153846153844 0.34375 0.05048076923076923 0.0673076923076923
0 0.3317307692307692 0.36899038461538464 0.05048076923076923 0.07692307692307693
0 0.10096153846153846 0.3545673076923077 0.04567307692307692 0.07211538461538461
0 0.6021634615384616 0.41947115384615385 0.038461538461538464 0.057692307692307696
0 0.29927884615384615 0.40384615384615385 0.05048076923076923 0.07932692307692307
0 0.7487980769230769 0.4639423076923077 0.036057692307692304 0.04567307692307692
0 0.9759615384615384 0.49278846153846156 0.04326923076923077 0.0625
0 0.6706730769230769 0.4567307692307692 0.038461538461538464 0.06009615384615385
0 0.53125 0.43990384615384615 0.03365384615384615 0.052884615384615384
0 0.11538461538461539 0.3918269230769231 0.052884615384615384 0.07692307692307693
0 0.9146634615384616 0.4963942307692308 0.057692307692307696 0.06971153846153846
0 0.013221153846153846 0.4050480769230769 0.016826923076923076 0.055288461538461536
0 0.6634615384615384 0.03245192307692308 0.028846153846153848 0.03365384615384615
0 0.4206730769230769 0.49038461538461536 0.038461538461538464 0.0625
0 0.7463942307692307 0.5432692307692307 0.026442307692307692 0.03365384615384615
0 0.28365384615384615 0.4891826923076923 0.040865384615384616 0.0625
0 0.734375 0.040865384615384616 0.03125 0.03365384615384615
0 0.055288461538461536 0.4639423076923077 0.038461538461538464 0.06009615384615385
0 0.5649038461538461 0.5324519230769231 0.04326923076923077 0.06009615384615385
0 0.30649038461538464 0.5144230769230769 0.04326923076923077 0.0673076923076923
0 0.7331730769230769 0.5745192307692307 0.038461538461538464 0.0625
0 0.5036057692307693 0.016826923076923076 0.03125 0.03365384615384615
0 0.9206730769230769 0.5997596153846154 0.04567307692307692 0.06971153846153846
0 0.5408653846153846 0.5769230769230769 0.040865384615384616 0.06490384615384616
0 0.046875 0.5360576923076923 0.04326923076923077 0.0673076923076923
0 0.7560096153846154 0.6262019230769231 0.04326923076923077 0.06490384615384616
0 0.6370192307692307 0.625 0.04326923076923077 0.06490384615384616
0 0.8581730769230769 0.6586538461538461 0.04326923076923077 0.0673076923076923
0 0.6923076923076923 0.04326923076923077 0.03125 0.04807692307692308
0 0.6045673076923077 0.03245192307692308 0.028846153846153848 0.040865384615384616
0 0.4014423076923077 0.014423076923076924 0.028846153846153848 0.028846153846153848
0 0.2439903846153846 0.008413461538461538 0.03125 0.016826923076923076
0 0.6225961538461539 0.7007211538461539 0.038461538461538464 0.06490384615384616
0 0.9423076923076923 0.7451923076923077 0.040865384615384616 0.06009615384615385
0 0.5913461538461539 0.7127403846153846 0.04326923076923077 0.06971153846153846
0 0.5685096153846154 0.03485576923076923 0.026442307692307692 0.03125