0 0.3581730769230769 0.7331730769230769 0.04326923076923077 0.07211538461538461
0 0.6598557692307693 0.75 0.0625 0.09375
0 0.2692307692307692 0.006009615384615385 0.028846153846153848 0.01201923076923077
0 0.002403846153846154 0.7536057692307693 0.004807692307692308 0.07451923076923077
0 0.5180288461538461 0.7740384615384616 0.03125 0.0625
0 0.02403846153846154 0.7776442307692307 0.04326923076923077 0.06971153846153846
0 0.31009615384615385 0.8052884615384616 0.04326923076923077 0.06971153846153846
0 0.3329326923076923 0.010817307692307692 0.03125 0.021634615384615384
0 0.4182692307692308 0.8569711538461539 0.05048076923076923 0.07932692307692307
0 0.6850961538461539 0.016826923076923076 0.026442307692307692 0.026442307692307692
0 0.2548076923076923 0.010817307692307692 0.028846153846153848 0.021634615384615384
0 0.10817307692307693 0.008413461538461538 0.02403846153846154 0.016826923076923076
0 0.18990384615384615 0.9014423076923077 0.05048076923076923 0.08413461538461539
0 0.15865384615384615 0.010817307692307692 0.028846153846153848 0.021634615384615384
0 0.5661057692307693 0.9326923076923077 0.04807692307692308 0.07692307692307693
0 0.7451923076923077 0.9423076923076923 0.04807692307692308 0.08413461538461539
0 0.02283653846153846 0.9579326923076923 0.04567307692307692 0.06490384615384616
0 0.4375 0.019230769230769232 0.028846153846153848 0.038461538461538464
0 0.5576923076923077 0.02283653846153846 0.028846153846153848 0.04326923076923077
0 0.23076923076923078 0.019230769230769232 0.028846153846153848 0.038461538461538464
0 0.5877403846153846 0.03125 0.028846153846153848 0.04567307692307692
0 0.7055288461538461 0.042067307692307696 0.028846153846153848 0.04807692307692308
0 0.2920673076923077 0.04927884615384615 0.026442307692307692 0.04807692307692308
0 0.48197115384615385 0.055288461538461536 0.03125 0.04567307692307692
0 0.22235576923076922 0.055288461538461536 0.026442307692307692 0.038461538461538464
0 0.7415865384615384 0.06850961538461539 0.026442307692307692 0.04326923076923077
0 0.3233173076923077 0.07932692307692307 0.028846153846153848 0.052884615384615384
0 0.125 0.07932692307692307 0.03125 0.05048076923076923
0 0.07572115384615384 0.078125 0.03125 0.04807692307692308
0 0.9314903846153846 0.09615384615384616 0.036057692307692304 0.05048076923076923
0 0.019230769230769232 0.09375 0.02403846153846154 0.057692307692307696
0 0.34615384615384615 0.10697115384615384 0.03125 0.05048076923076923
0 0.9326923076923077 0.12740384615384615 0.03125 0.052884615384615384
0 0.25240384615384615 0.12139423076923077 0.03125 0.052884615384615384
0 0.6742788461538461 0.12980769230769232 0.03365384615384615 0.055288461538461536
0 0.5925480769230769 0.12860576923076922 0.03125 0.052884615384615384
0 0.09254807692307693 0.13822115384615385 0.03125 0.052884615384615384
0 0.4723557692307692 0.15985576923076922 0.03365384615384615 0.057692307692307696
0 0.18028846153846154 0.15625 0.03365384615384615 0.057692307692307696
0 0.7596153846153846 0.16706730769230768 0.03125 0.04807692307692308
0 0.6502403846153846 0.17307692307692307 0.03125 0.0625
0 0.7944711538461539 0.18028846153846154 0.03125 0.052884615384615384
0 0.6959134615384616 0.20072115384615385 0.03365384615384615 0.052884615384615384
0 0.03485576923076923 0.1935096153846154 0.026442307692307692 0.040865384615384616
0 0.7824519230769231 0.21514423076923078 0.03125 0.055288461538461536
0 0.09615384615384616 0.20432692307692307 0.03365384615384615 0.055288461538461536
0 0.8725961538461539 0.2247596153846154 0.036057692307692304 0.06009615384615385
0 0.7379807692307693 0.22355769230769232 0.03365384615384615 0.055288461538461536
0 0.3329326923076923 0.22235576923076922 0.03365384615384615 0.0625
0 0.4110576923076923 0.2247596153846154 0.03365384615384615 0.0625
0 0.6237980769230769 0.23076923076923078 0.03125 0.052884615384615384
0 0.13581730769230768 0.23076923076923078 0.040865384615384616 0.0625
0 0.0673076923076923 0.24519230769230768 0.038461538461538464 0.057692307692307696
0 0.020432692307692308 0.24519230769230768 0.03125 0.06490384615384616
0 0.5240384615384616 0.25600961538461536 0.04326923076923077 0.06490384615384616
0 0.4170673076923077 0.2800480769230769 0.036057692307692304 0.0625
0 0.4951923076923077 0.29927884615384615 0.038461538461538464 0.0673076923076923
0 0.8810096153846154 0.3125 0.038461538461538464 0.0625
0 0.6502403846153846 0.3125 0.03125 0.04807692307692308
0 0.5612980769230769 0.3112980769230769 0.038461538461538464 0.055288461538461536
0 0.05889423076923077 0.30408653846153844 0.038461538461538464 0.06490384615384616
0 0.4375 0.3112980769230769 0.04326923076923077 0.07211538461538461
0 0.8401442307692307 0.32211538461538464 0.036057692307692304 0.0625
0 0.29447115384615385 0.3161057692307692 0.038461538461538464 0.06490384615384616
0 0.3629807692307692 0.32091346153846156 0.04567307692307692 0.08173076923076923
0 0.7391826923076923 0.3425480769230769 0.038461538461538464 0.0625
0 0.21634615384615385 0.33533653846153844 0.04326923076923077 0.0673076923076923
0 0.265625 0.35697115384615385 0.04326923076923077 0.07692307692307693
0 0.025240384615384616 0.36658653846153844 0.040865384615384616 0.07211538461538461
0 0.5504807692307693 0.3798076923076923 0.03365384615384615 0.057692307692307696
0 0.23557692307692307 0.39663461538461536 0.04567307692307692 0.07932692307692307
0 0.7067307692307693 0.4098557692307692 0.03125 0.04326923076923077
0 0.9447115384615384 0.41466346153846156 0.038461538461538464 0.0625
0 0.6262019230769231 0.4110576923076923 0.03365384615384615 0.06009615384615385
0 0.4795673076923077 0.4098557692307692 0.03125 0.052884615384615384
0 0.04326923076923077 0.4050480769230769 0.04807692307692308 0.07692307692307693
0 0.8822115384615384 0.4266826923076923 0.052884615384615384 0.06971153846153846
0 0.9939903846153846 0.43028846153846156 0.01201923076923077 0.0673076923076923
0 0.3701923076923077 0.4735576923076923 0.03365384615384615 0.0625
0 0.7127403846153846 0.49278846153846156 0.021634615384615384 0.03365384615384615
0 0.2283653846153846 0.48677884615384615 0.036057692307692304 0.06009615384615385
0 0.5240384615384616 0.5 0.038461538461538464 0.06009615384615385
0 0.25600961538461536 0.5096153846153846 0.036057692307692304 0.0673076923076923
0 0.703125 0.5264423076923077 0.03365384615384615 0.0625
0 0.9014423076923077 0.5324519230769231 0.038461538461538464 0.0673076923076923
0 0.5036057692307693 0.5492788461538461 0.038461538461538464 0.0625
0 0.002403846153846154 0.5612980769230769 0.004807692307692308 0.06490384615384616
0 0.7319711538461539 0.5769230769230769 0.038461538461538464 0.06490384615384616
0 0.609375 0.5901442307692307 0.038461538461538464 0.06490384615384616
0 0.8425480769230769 0.6009615384615384 0.038461538461538464 0.0673076923076923
0 0.6045673076923077 0.6694711538461539 0.03125 0.0673076923076923
0 0.9375 0.6802884615384616 0.038461538461538464 0.06009615384615385
0 0.5709134615384616 0.6850961538461539 0.036057692307692304 0.06971153846153846