0 0.5733173076923077 0.109375 0.08653846153846154 0.13221153846153846
0 0.8810096153846154 0.09254807692307693 0.10336538461538461 0.18509615384615385
0 0.5012019230769231 0.13581730769230768 0.09375 0.13701923076923078
0 0.26802884615384615 0.20673076923076922 0.09134615384615384 0.14182692307692307
0 0.6346153846153846 0.13221153846153846 0.052884615384615384 0.06971153846153846
0 0.41586538461538464 0.22115384615384615 0.12259615384615384 0.16826923076923078
0 0.109375 0.3004807692307692 0.10336538461538461 0.14182692307692307
0 0.025240384615384616 0.3329326923076923 0.05048076923076923 0.10817307692307693
0 0.7139423076923077 0.0673076923076923 0.12980769230769232 0.1346153846153846
0 0.6514423076923077 0.055288461538461536 0.04807692307692308 0.0673076923076923
0 0.16466346153846154 0.20192307692307693 0.07451923076923077 0.10096153846153846