0 0.9483173076923077 0.14903846153846154 0.052884615384615384 0.09134615384615384
0 0.31009615384615385 0.14903846153846154 0.0625 0.125
0 0.390625 0.15745192307692307 0.0673076923076923 0.12740384615384615
0 0.6394230769230769 0.171875 0.0625 0.1346153846153846
0 0.2548076923076923 0.1875 0.038461538461538464 0.0625
0 0.4963942307692308 0.22235576923076922 0.09134615384615384 0.15625
0 0.8221153846153846 0.2247596153846154 0.07692307692307693 0.12980769230769232
0 0.9194711538461539 0.23557692307692307 0.040865384615384616 0.10336538461538461
0 0.15264423076923078 0.1141826923076923 0.09134615384615384 0.18269230769230768
0 0.21875 0.11658653846153846 0.03365384615384615 0.0625
0 0.7415865384615384 0.140625 0.057692307692307696 0.09134615384615384