0 0.7175480769230769 0.21514423076923078 0.07932692307692307 0.0985576923076923
0 0.22115384615384615 0.1502403846153846 0.08413461538461539 0.11298076923076923
0 0.3401442307692308 0.17067307692307693 0.06009615384615385 0.10336538461538461
0 0.8990384615384616 0.2692307692307692 0.08413461538461539 0.0889423076923077
0 0.28846153846153844 0.1875 0.125 0.1875
0 0.9543269230769231 0.2932692307692308 0.052884615384615384 0.10096153846153846
0 0.4675480769230769 0.23918269230769232 0.08173076923076923 0.125
0 0.7728365384615384 0.3004807692307692 0.0625 0.10336538461538461
0 0.640625 0.28125 0.07692307692307693 0.10336538461538461
0 0.1045673076923077 0.19951923076923078 0.1346153846153846 0.20673076923076922
0 0.5444711538461539 0.28846153846153844 0.15865384615384615 0.27403846153846156
0 0.2127403846153846 0.24639423076923078 0.07932692307692307 0.09615384615384616
0 0.39903846153846156 0.28125 0.07932692307692307 0.13221153846153846
0 0.7067307692307693 0.39302884615384615 0.08653846153846154 0.13701923076923078
0 0.7584134615384616 0.06971153846153846 0.0625 0.07692307692307693
0 0.328125 0.375 0.12980769230769232 0.21394230769230768
0 0.7956730769230769 0.4639423076923077 0.15384615384615385 0.2692307692307692
0 0.6370192307692307 0.4411057692307692 0.12980769230769232 0.12259615384615384
0 0.9290865384615384 0.49759615384615385 0.14182692307692307 0.27884615384615385
0 0.17067307692307693 0.4266826923076923 0.11538461538461539 0.18990384615384615
0 0.33653846153846156 0.5661057692307693 0.17307692307692307 0.31009615384615385
0 0.6201923076923077 0.6153846153846154 0.20673076923076922 0.3293269230769231
0 0.8185096153846154 0.6634615384615384 0.13221153846153846 0.15625
0 0.9170673076923077 0.12139423076923077 0.10096153846153846 0.1346153846153846
0 0.09615384615384616 0.03125 0.0625 0.0625
0 0.8966346153846154 0.765625 0.07692307692307693 0.13942307692307693
0 0.5012019230769231 0.7235576923076923 0.09375 0.12980769230769232
0 0.21033653846153846 0.6911057692307693 0.16826923076923078 0.27403846153846156
0 0.8533653846153846 0.8209134615384616 0.0625 0.1201923076923077
0 0.7367788461538461 0.8149038461538461 0.24278846153846154 0.3701923076923077
0 0.025240384615384616 0.7211538461538461 0.05048076923076923 0.10576923076923077
0 0.32572115384615385 0.057692307692307696 0.11778846153846154 0.11538461538461539
0 0.5637019230769231 0.08413461538461539 0.12740384615384615 0.16826923076923078
0 0.4375 0.07692307692307693 0.125 0.15384615384615385
0 0.21033653846153846 0.875 0.15625 0.15865384615384615
0 0.5637019230769231 0.9338942307692307 0.1466346153846154 0.13221153846153846
0 0.8293269230769231 0.13221153846153846 0.11298076923076923 0.18028846153846154
0 0.9603365384615384 0.15865384615384615 0.07932692307692307 0.1875
0 0.20552884615384615 0.06850961538461539 0.10817307692307693 0.13701923076923078
0 0.7103365384615384 0.14302884615384615 0.09375 0.11778846153846154
0 0.6153846153846154 0.14543269230769232 0.07451923076923077 0.11298076923076923