0 0.7211538461538461 0.21033653846153846 0.08173076923076923 0.10336538461538461
0 0.2091346153846154 0.13341346153846154 0.0889423076923077 0.11778846153846154
0 0.3317307692307692 0.15625 0.06490384615384616 0.10817307692307693
0 0.9074519230769231 0.2692307692307692 0.08653846153846154 0.09375
0 0.27884615384615385 0.17427884615384615 0.13221153846153846 0.19471153846153846
0 0.9627403846153846 0.29447115384615385 0.057692307692307696 0.10336538461538461
0 0.46274038461538464 0.22956730769230768 0.08653846153846154 0.12980769230769232
0 0.7752403846153846 0.29927884615384615 0.06490384615384616 0.10817307692307693
0 0.640625 0.2764423076923077 0.08173076923076923 0.10817307692307693
0 0.09615384615384616 0.18509615384615385 0.12980769230769232 0.21153846153846154
0 0.5420673076923077 0.2824519230769231 0.16826923076923078 0.2860576923076923
0 0.19951923076923078 0.23317307692307693 0.08413461538461539 0.0985576923076923
0 0.39302884615384615 0.27283653846153844 0.08413461538461539 0.13942307692307693
0 0.7055288461538461 0.39302884615384615 0.09134615384615384 0.14182692307692307
0 0.7644230769230769 0.06850961538461539 0.0673076923076923 0.0673076923076923
0 0.3173076923076923 0.36899038461538464 0.13942307692307693 0.22115384615384615
0 0.796875 0.4699519230769231 0.16346153846153846 0.27884615384615385
0 0.6334134615384616 0.4423076923076923 0.13701923076923078 0.12740384615384615
0 0.9290865384615384 0.5024038461538461 0.14182692307692307 0.28846153846153844
0 0.15264423076923078 0.41947115384615385 0.12259615384615384 0.1971153846153846
0 0.32091346153846156 0.5661057692307693 0.18509615384615385 0.32211538461538464
0 0.6141826923076923 0.6213942307692307 0.22115384615384615 0.34375
0 0.8173076923076923 0.6754807692307693 0.13942307692307693 0.16105769230769232
0 0.9266826923076923 0.125 0.10336538461538461 0.125
0 0.09375 0.020432692307692308 0.038461538461538464 0.040865384615384616
0 0.8954326923076923 0.7824519230769231 0.08413461538461539 0.14423076923076922
0 0.4879807692307692 0.7307692307692307 0.0985576923076923 0.1346153846153846
0 0.18870192307692307 0.6923076923076923 0.17548076923076922 0.28365384615384615
0 0.8485576923076923 0.8389423076923077 0.06490384615384616 0.125
0 0.7295673076923077 0.8197115384615384 0.25721153846153844 0.3605769230769231
0 0.01201923076923077 0.7211538461538461 0.02403846153846154 0.10576923076923077
0 0.32091346153846156 0.05048076923076923 0.12259615384615384 0.10096153846153846
0 0.5637019230769231 0.07932692307692307 0.13221153846153846 0.15865384615384615
0 0.4326923076923077 0.07211538461538461 0.12980769230769232 0.14423076923076922
0 0.18629807692307693 0.8798076923076923 0.16105769230769232 0.16346153846153846
0 0.5492788461538461 0.9387019230769231 0.15144230769230768 0.12259615384615384
0 0.8365384615384616 0.13341346153846154 0.11538461538461539 0.17307692307692307
0 0.9651442307692307 0.16105769230769232 0.06971153846153846 0.1778846153846154
0 0.19591346153846154 0.06009615384615385 0.11298076923076923 0.1201923076923077
0 0.7139423076923077 0.1346153846153846 0.0985576923076923 0.125
0 0.6165865384615384 0.13581730769230768 0.07932692307692307 0.11778846153846154