0 0.3798076923076923 0.1310096153846154 0.09375 0.15625
0 0.3233173076923077 0.12259615384615384 0.08413461538461539 0.14903846153846154
0 0.5420673076923077 0.18509615384615385 0.052884615384615384 0.09134615384615384
0 0.44350961538461536 0.203125 0.05048076923076923 0.09375
0 0.1875 0.13942307692307693 0.09615384615384616 0.14903846153846154
0 0.08413461538461539 0.12259615384615384 0.03125 0.09375
0 0.11057692307692307 0.13581730769230768 0.06009615384615385 0.0985576923076923
0 0.234375 0.19591346153846154 0.04807692307692308 0.07932692307692307
0 0.6610576923076923 0.33052884615384615 0.0625 0.0985576923076923
0 0.7800480769230769 0.3629807692307692 0.06490384615384616 0.10576923076923077
0 0.9591346153846154 0.17668269230769232 0.08173076923076923 0.16105769230769232
0 0.6646634615384616 0.11298076923076923 0.12740384615384615 0.18509615384615385
0 0.5396634615384616 0.09615384615384616 0.11778846153846154 0.18509615384615385