0 0.35096153846153844 0.17908653846153846 0.055288461538461536 0.1346153846153846
0 0.296875 0.18509615384615385 0.04807692307692308 0.12980769230769232
0 0.5084134615384616 0.19230769230769232 0.03125 0.07932692307692307
0 0.42427884615384615 0.23076923076923078 0.028846153846153848 0.08173076923076923
0 0.18028846153846154 0.23076923076923078 0.057692307692307696 0.12740384615384615
0 0.06971153846153846 0.23918269230769232 0.036057692307692304 0.08653846153846154
0 0.11057692307692307 0.2439903846153846 0.038461538461538464 0.08413461538461539
0 0.234375 0.2704326923076923 0.028846153846153848 0.0673076923076923
0 0.6466346153846154 0.2956730769230769 0.038461538461538464 0.08413461538461539
0 0.7608173076923077 0.2980769230769231 0.038461538461538464 0.09134615384615384
0 0.8978365384615384 0.07692307692307693 0.08653846153846154 0.15384615384615385
0 0.6009615384615384 0.0889423076923077 0.08173076923076923 0.1778846153846154
0 0.48677884615384615 0.11298076923076923 0.07211538461538461 0.15865384615384615