0 0.3701923076923077 0.2512019230769231 0.055288461538461536 0.0889423076923077
0 0.5649038461538461 0.23197115384615385 0.03125 0.04567307692307692
0 0.5024038461538461 0.24158653846153846 0.03125 0.040865384615384616
0 0.9423076923076923 0.18269230769230768 0.014423076923076924 0.021634615384615384
0 0.6850961538461539 0.22596153846153846 0.01201923076923077 0.02403846153846154
0 0.30649038461538464 0.28846153846153844 0.01201923076923077 0.021634615384615384
0 0.27524038461538464 0.29447115384615385 0.052884615384615384 0.07451923076923077
0 0.6237980769230769 0.24158653846153846 0.0625 0.09615384615384616
0 0.765625 0.22235576923076922 0.009615384615384616 0.014423076923076924
0 0.8076923076923077 0.21754807692307693 0.021634615384615384 0.03365384615384615
0 0.7824519230769231 0.22235576923076922 0.009615384615384616 0.01201923076923077
0 0.33533653846153844 0.2956730769230769 0.01201923076923077 0.019230769230769232
0 0.703125 0.24158653846153846 0.028846153846153848 0.04807692307692308
0 0.46634615384615385 0.2848557692307692 0.019230769230769232 0.038461538461538464
0 0.234375 0.33413461538461536 0.04326923076923077 0.08413461538461539
0 0.5456730769230769 0.43509615384615385 0.055288461538461536 0.07451923076923077
0 0.06129807692307692 0.17668269230769232 0.11298076923076923 0.18028846153846154