0 0.125 0.24759615384615385 0.016826923076923076 0.02403846153846154
0 0.16826923076923078 0.2620192307692308 0.028846153846153848 0.038461538461538464
0 0.06850961538461539 0.24158653846153846 0.019230769230769232 0.026442307692307692
0 0.3004807692307692 0.3004807692307692 0.04567307692307692 0.07692307692307693
0 0.04927884615384615 0.25600961538461536 0.03125 0.08173076923076923
0 0.35697115384615385 0.33413461538461536 0.040865384615384616 0.0625
0 0.06009615384615385 0.27163461538461536 0.021634615384615384 0.03365384615384615
0 0.12740384615384615 0.29447115384615385 0.026442307692307692 0.04326923076923077
0 0.14302884615384615 0.30408653846153844 0.040865384615384616 0.06971153846153846
0 0.4795673076923077 0.38221153846153844 0.036057692307692304 0.06490384615384616
0 0.328125 0.36658653846153844 0.028846153846153848 0.04807692307692308
0 0.671875 0.45913461538461536 0.057692307692307696 0.09134615384615384
0 0.21634615384615385 0.3629807692307692 0.14423076923076922 0.22115384615384615
0 0.41586538461538464 0.42427884615384615 0.11057692307692307 0.19951923076923078
0 0.052884615384615384 0.35096153846153844 0.08653846153846154 0.13221153846153846
0 0.3389423076923077 0.4411057692307692 0.09375 0.14903846153846154
0 0.5961538461538461 0.5072115384615384 0.09375 0.14423076923076922
0 0.6959134615384616 0.5492788461538461 0.09615384615384616 0.15384615384615385
0 0.06610576923076923 0.4579326923076923 0.11538461538461539 0.15384615384615385
0 0.8533653846153846 0.6971153846153846 0.2764423076923077 0.47596153846153844
0 0.44591346153846156 0.6165865384615384 0.15144230769230768 0.24759615384615385
0 0.9098557692307693 0.8233173076923077 0.11778846153846154 0.29086538461538464