0 0.0625 0.23317307692307693 0.016826923076923076 0.026442307692307692
0 0.11057692307692307 0.24639423076923078 0.026442307692307692 0.040865384615384616
0 0.2548076923076923 0.27524038461538464 0.04326923076923077 0.07932692307692307
0 0.31850961538461536 0.30408653846153844 0.038461538461538464 0.06490384615384616
0 0.06850961538461539 0.28365384615384615 0.02403846153846154 0.04567307692307692
0 0.08653846153846154 0.2920673076923077 0.038461538461538464 0.07211538461538461
0 0.45552884615384615 0.34615384615384615 0.03365384615384615 0.06971153846153846
0 0.2920673076923077 0.34375 0.028846153846153848 0.05048076923076923
0 0.6682692307692307 0.4098557692307692 0.055288461538461536 0.09615384615384616
0 0.17067307692307693 0.34975961538461536 0.13942307692307693 0.23076923076923078
0 0.3918269230769231 0.3954326923076923 0.10336538461538461 0.2091346153846154
0 0.31009615384615385 0.4206730769230769 0.0889423076923077 0.15384615384615385
0 0.5913461538461539 0.4675480769230769 0.0889423076923077 0.15144230769230768
0 0.7019230769230769 0.5036057692307693 0.09134615384615384 0.16105769230769232
0 0.036057692307692304 0.4651442307692308 0.07211538461538461 0.15625
0 0.8774038461538461 0.6478365384615384 0.24519230769230768 0.5024038461538461
0 0.4411057692307692 0.5997596153846154 0.14423076923076922 0.25961538461538464
0 0.9483173076923077 0.7764423076923077 0.07932692307692307 0.31009615384615385