0 0.5528846153846154 0.3473557692307692 0.2860576923076923 0.4879807692307692
0 0.8401442307692307 0.3858173076923077 0.23798076923076922 0.3269230769230769
0 0.07091346153846154 0.4831730769230769 0.0985576923076923 0.13942307692307693
0 0.44711538461538464 0.46033653846153844 0.055288461538461536 0.13701923076923078
0 0.2512019230769231 0.47836538461538464 0.10336538461538461 0.21153846153846154
0 0.9543269230769231 0.4338942307692308 0.06971153846153846 0.1346153846153846
0 0.32572115384615385 0.4807692307692308 0.15144230769230768 0.24278846153846154
0 0.7271634615384616 0.46033653846153844 0.036057692307692304 0.06009615384615385
0 0.19951923076923078 0.49759615384615385 0.04807692307692308 0.11057692307692307
0 0.6754807692307693 0.46875 0.055288461538461536 0.12259615384615384
0 0.39783653846153844 0.5252403846153846 0.036057692307692304 0.06009615384615385
0 0.0625 0.6298076923076923 0.1201923076923077 0.19471153846153846