0 0.5396634615384616 0.35096153846153844 0.25721153846153844 0.46875
0 0.8173076923076923 0.41346153846153844 0.21875 0.3125
0 0.056490384615384616 0.44350961538461536 0.09134615384615384 0.1346153846153846
0 0.4266826923076923 0.453125 0.04807692307692308 0.13221153846153846
0 0.23317307692307693 0.453125 0.09134615384615384 0.20432692307692307
0 0.9254807692307693 0.4699519230769231 0.0625 0.12980769230769232
0 0.30649038461538464 0.46153846153846156 0.13701923076923078 0.23317307692307693
0 0.9771634615384616 0.47475961538461536 0.03125 0.07692307692307693
0 0.7007211538461539 0.47596153846153844 0.03125 0.06009615384615385
0 0.18028846153846154 0.4675480769230769 0.040865384615384616 0.10576923076923077
0 0.6478365384615384 0.4795673076923077 0.04807692307692308 0.1201923076923077
0 0.3737980769230769 0.5120192307692307 0.03125 0.057692307692307696
0 0.04447115384615385 0.5829326923076923 0.0889423076923077 0.18990384615384615