0 0.6899038461538461 0.11538461538461539 0.09375 0.13221153846153846
0 0.6574519230769231 0.14182692307692307 0.03125 0.06009615384615385
0 0.5072115384615384 0.18629807692307693 0.0673076923076923 0.08653846153846154
0 0.3293269230769231 0.2439903846153846 0.036057692307692304 0.055288461538461536
0 0.10216346153846154 0.3112980769230769 0.1346153846153846 0.17548076923076922
0 0.5576923076923077 0.1935096153846154 0.057692307692307696 0.07451923076923077
0 0.4387019230769231 0.2283653846153846 0.07692307692307693 0.10096153846153846
0 0.7944711538461539 0.15504807692307693 0.03365384615384615 0.04807692307692308
0 0.036057692307692304 0.38100961538461536 0.07211538461538461 0.1658653846153846
0 0.1935096153846154 0.34134615384615385 0.09134615384615384 0.1201923076923077
0 0.5012019230769231 0.26802884615384615 0.08173076923076923 0.10336538461538461
0 0.6322115384615384 0.24278846153846154 0.04326923076923077 0.05048076923076923
0 0.3125 0.3293269230769231 0.06971153846153846 0.09615384615384616