0 0.7019230769230769 0.13822115384615385 0.08173076923076923 0.125
0 0.6694711538461539 0.15985576923076922 0.026442307692307692 0.057692307692307696
0 0.5192307692307693 0.18990384615384615 0.06009615384615385 0.08173076923076923
0 0.34375 0.22956730769230768 0.03125 0.05048076923076923
0 0.1201923076923077 0.2764423076923077 0.11778846153846154 0.16346153846153846
0 0.5685096153846154 0.20192307692307693 0.05048076923076923 0.06971153846153846
0 0.45072115384615385 0.2247596153846154 0.0673076923076923 0.09615384615384616
0 0.7992788461538461 0.18509615384615385 0.028846153846153848 0.04567307692307692
0 0.039663461538461536 0.33774038461538464 0.07932692307692307 0.15625
0 0.20432692307692307 0.3137019230769231 0.08173076923076923 0.11298076923076923
0 0.5084134615384616 0.2692307692307692 0.07211538461538461 0.09615384615384616
0 0.6358173076923077 0.2548076923076923 0.038461538461538464 0.04807692307692308
0 0.31971153846153844 0.3112980769230769 0.0625 0.09134615384615384