0 0.5793269230769231 0.3401442307692308 0.10336538461538461 0.13221153846153846
0 0.38100961538461536 0.29927884615384615 0.09375 0.1346153846153846
0 0.30408653846153844 0.3245192307692308 0.11298076923076923 0.1466346153846154
0 0.6826923076923077 0.44711538461538464 0.09615384615384616 0.1346153846153846
0 0.4987980769230769 0.4411057692307692 0.1201923076923077 0.15625
0 0.7524038461538461 0.5324519230769231 0.10096153846153846 0.1346153846153846
0 0.0829326923076923 0.3894230769230769 0.1658653846153846 0.24519230769230768
0 0.14423076923076922 0.43149038461538464 0.11298076923076923 0.18990384615384615
0 0.8173076923076923 0.6213942307692307 0.14423076923076922 0.21394230769230768
0 0.2127403846153846 0.546875 0.1466346153846154 0.19230769230769232
0 0.0625 0.7680288461538461 0.125 0.2764423076923077