0 0.5721153846153846 0.3317307692307692 0.09375 0.12980769230769232
0 0.36177884615384615 0.3161057692307692 0.08653846153846154 0.13701923076923078
0 0.2848557692307692 0.35096153846153844 0.10336538461538461 0.1466346153846154
0 0.6935096153846154 0.43149038461538464 0.08653846153846154 0.13701923076923078
0 0.5012019230769231 0.4483173076923077 0.11057692307692307 0.15625
0 0.7764423076923077 0.5108173076923077 0.09375 0.13701923076923078
0 0.06850961538461539 0.44711538461538464 0.13701923076923078 0.24519230769230768
0 0.12980769230769232 0.4831730769230769 0.0985576923076923 0.19471153846153846
0 0.8569711538461539 0.5961538461538461 0.13221153846153846 0.21634615384615385
0 0.21754807692307693 0.5961538461538461 0.1346153846153846 0.19230769230769232
0 0.07091346153846154 0.8305288461538461 0.14182692307692307 0.24759615384615385