0 0.25721153846153844 0.15384615384615385 0.05048076923076923 0.0889423076923077
0 0.12860576923076922 0.15504807692307693 0.08413461538461539 0.17067307692307693
0 0.5252403846153846 0.23557692307692307 0.09134615384615384 0.19951923076923078
0 0.7620192307692307 0.25721153846153844 0.10096153846153846 0.21153846153846154
0 0.8822115384615384 0.3004807692307692 0.10096153846153846 0.18990384615384615
0 0.46033653846153844 0.28846153846153844 0.09375 0.21394230769230768
0 0.04326923076923077 0.2980769230769231 0.07211538461538461 0.21153846153846154
0 0.8137019230769231 0.4230769230769231 0.08413461538461539 0.17067307692307693
0 0.13221153846153846 0.39302884615384615 0.06490384615384616 0.12259615384615384
0 0.3713942307692308 0.46875 0.08653846153846154 0.16826923076923078
0 0.5540865384615384 0.5144230769230769 0.13701923076923078 0.29086538461538464
0 0.65625 0.5408653846153846 0.0985576923076923 0.21634615384615385
0 0.7956730769230769 0.6069711538461539 0.09134615384615384 0.19230769230769232
0 0.12379807692307693 0.5733173076923077 0.16346153846153846 0.3125
0 0.37259615384615385 0.6466346153846154 0.09375 0.21394230769230768
0 0.3173076923076923 0.125 0.07932692307692307 0.15865384615384615