0 0.8918269230769231 0.15264423076923078 0.0625 0.10096153846153846
0 0.9879807692307693 0.1814903846153846 0.02403846153846154 0.18990384615384615
0 0.5841346153846154 0.1778846153846154 0.11298076923076923 0.22355769230769232
0 0.3269230769230769 0.1466346153846154 0.12740384615384615 0.23798076923076922
0 0.18509615384615385 0.1658653846153846 0.125 0.21394230769230768
0 0.6418269230769231 0.25 0.11778846153846154 0.23798076923076922
0 0.22956730769230768 0.3125 0.10576923076923077 0.19230769230769232
0 0.9651442307692307 0.4362980769230769 0.06971153846153846 0.13701923076923078
0 0.6971153846153846 0.4639423076923077 0.10576923076923077 0.18990384615384615
0 0.4879807692307692 0.4699519230769231 0.17067307692307693 0.3269230769230769
0 0.3737980769230769 0.47475961538461536 0.12259615384615384 0.2403846153846154
0 0.20793269230769232 0.5144230769230769 0.11298076923076923 0.21634615384615385
0 0.9182692307692307 0.6298076923076923 0.16346153846153846 0.34615384615384615
0 0.6550480769230769 0.6526442307692307 0.1201923076923077 0.23798076923076922
0 0.8305288461538461 0.11538461538461539 0.09615384615384616 0.15625