0 0.45072115384615385 0.08413461538461539 0.04567307692307692 0.07451923076923077
0 0.12860576923076922 0.09014423076923077 0.0625 0.1201923076923077
0 0.2800480769230769 0.1310096153846154 0.057692307692307696 0.12259615384615384
0 0.47596153846153844 0.14543269230769232 0.06490384615384616 0.10576923076923077
0 0.5697115384615384 0.14903846153846154 0.07211538461538461 0.12980769230769232
0 0.5216346153846154 0.15865384615384615 0.04326923076923077 0.10096153846153846
0 0.7283653846153846 0.171875 0.07451923076923077 0.1201923076923077
0 0.8173076923076923 0.17668269230769232 0.06490384615384616 0.10336538461538461
0 0.10576923076923077 0.16466346153846154 0.055288461538461536 0.10096153846153846
0 0.4495192307692308 0.18990384615384615 0.0673076923076923 0.13942307692307693
0 0.9699519230769231 0.21033653846153846 0.06009615384615385 0.12740384615384615
0 0.13822115384615385 0.24879807692307693 0.09134615384615384 0.18990384615384615
0 0.3762019230769231 0.2668269230769231 0.09615384615384616 0.17067307692307693
0 0.24158653846153846 0.2920673076923077 0.11298076923076923 0.2091346153846154
0 0.028846153846153848 0.35096153846153844 0.057692307692307696 0.2620192307692308
0 0.05889423076923077 0.3605769230769231 0.0673076923076923 0.1658653846153846
0 0.9326923076923077 0.046875 0.021634615384615384 0.038461538461538464