0 0.5096153846153846 0.14302884615384615 0.052884615384615384 0.07692307692307693
0 0.20192307692307693 0.1045673076923077 0.07692307692307693 0.12259615384615384
0 0.34134615384615385 0.16346153846153846 0.07211538461538461 0.12259615384615384
0 0.5240384615384616 0.203125 0.07451923076923077 0.10817307692307693
0 0.6129807692307693 0.21995192307692307 0.08653846153846154 0.13221153846153846
0 0.5661057692307693 0.22235576923076922 0.055288461538461536 0.10096153846153846
0 0.7596153846153846 0.2620192307692308 0.08413461538461539 0.1201923076923077
0 0.8413461538461539 0.2776442307692308 0.07451923076923077 0.10576923076923077
0 0.17067307692307693 0.171875 0.06490384615384616 0.10336538461538461
0 0.49278846153846156 0.24158653846153846 0.07932692307692307 0.14182692307692307
0 0.9723557692307693 0.33413461538461536 0.055288461538461536 0.12980769230769232
0 0.19230769230769232 0.2548076923076923 0.11057692307692307 0.19230769230769232
0 0.41346153846153844 0.30528846153846156 0.11298076923076923 0.17307692307692307
0 0.2824519230769231 0.3112980769230769 0.1346153846153846 0.21153846153846154
0 0.06009615384615385 0.33774038461538464 0.11538461538461539 0.25961538461538464
0 0.10096153846153846 0.35216346153846156 0.08653846153846154 0.1658653846153846
0 0.96875 0.171875 0.026442307692307692 0.038461538461538464