0 0.5793269230769231 0.5709134615384616 0.12980769230769232 0.16826923076923078
0 0.22716346153846154 0.515625 0.14182692307692307 0.15865384615384615
0 0.43028846153846156 0.6346153846153846 0.1346153846153846 0.18990384615384615
0 0.8605769230769231 0.7608173076923077 0.17548076923076922 0.23317307692307693
0 0.016826923076923076 0.5721153846153846 0.03365384615384615 0.1875
0 0.7644230769230769 0.7548076923076923 0.10817307692307693 0.12259615384615384
0 0.18629807692307693 0.6286057692307693 0.1201923076923077 0.16346153846153846
0 0.08533653846153846 0.7007211538461539 0.17067307692307693 0.22355769230769232
0 0.6850961538461539 0.45072115384615385 0.0889423076923077 0.12259615384615384
0 0.5060096153846154 0.453125 0.09375 0.12980769230769232
0 0.7788461538461539 0.5228365384615384 0.125 0.13942307692307693